metadata:
  config_file: config.yaml
  dataset: Kitchen Audio Samples
  num_samples: 8
rankings:
- cer: 0.06327409800753904
  cer_normalized: 1.0
  cer_wer_ratio: 1.9906123111905147
  composite_score: 0.925
  loanword_accuracy: 0.9709677419354839
  loanword_normalized: 0.5
  model: openai-gpt4o-transcribe
  rank: 1
  ratio_normalized: 0.0
  samples_per_second: 0.2779466203570739
  speed_normalized: 0.0
  wer: 0.12595419847328243
  wer_normalized: 1.0
- cer: 0.07727517501346258
  cer_normalized: 0.0
  cer_wer_ratio: 2.309087161209671
  composite_score: 0.075
  loanword_accuracy: 0.9709677419354839
  loanword_normalized: 0.5
  model: deepgram-nova-3
  rank: 2
  ratio_normalized: 1.0
  samples_per_second: 0.49935443710901284
  speed_normalized: 1.0
  wer: 0.1784351145038168
  wer_normalized: 0.0
